46 0 320 240 0.42188 0.25833 0.19062 0.7375 0.46875 0.42917 0.9999 0.575 0.42917 0.996 0.44375 0.57917 0.975 0.58125 0.55833 0.0122 0.44062 0.69583 0.8148 0.57188 0.65 0.0057 0.50313 0.69167 0.9995 0.5625 0.68333 0.9985 0.47813 0.84583 0.8156 0.55312 0.8375 0.1525 0.51562 0.99583 0.6857 0.5625 0.99167 0.2797
47 0 320 240 0.4125 0.26667 0.20625 0.72083 0.46563 0.42917 0.9999 0.5625 0.425 0.9923 0.4375 0.57917 0.9778 0.55312 0.5375 0.0047 0.42812 0.6875 0.8926 0.525 0.59167 0.0046 0.5 0.67917 0.9994 0.5625 0.675 0.9981 0.46875 0.825 0.7479 0.55312 0.82917 0.141 0.5125 0.98333 0.6164 0.5625 0.98333 0.2479
49 1 320 240 0.39375 0.29167 0.2 0.7 0.44688 0.45 0.9999 0.54375 0.4375 0.9911 0.41875 0.58333 0.9951 0.54688 0.53333 0.1003 0.40937 0.675 0.9321 0.5125 0.55833 0.006 0.49062 0.66667 0.999 0.55312 0.65833 0.9968 0.46563 0.8125 0.9618 0.55625 0.84167 0.7706 0.5 0.97083 0.9404 0.5625 0.9875 0.8081
50 1 320 240 0.38438 0.31667 0.2375 0.675 0.4375 0.45833 0.9999 0.53438 0.44583 0.9904 0.4125 0.57917 0.986 0.54063 0.5375 0.0192 0.4 0.66667 0.8927 0.52187 0.55 0.0142 0.4875 0.6625 0.998 0.54688 0.65417 0.9944 0.46875 0.8125 0.902 0.55625 0.83333 0.6921 0.49375 0.96667 0.8339 0.5625 0.99167 0.6792
51 1 320 240 0.375 0.34167 0.24375 0.65 0.425 0.47083 1.0 0.52187 0.45833 0.9965 0.40313 0.58333 0.998 0.53438 0.54583 0.1254 0.39375 0.6625 0.9731 0.50625 0.59583 0.0092 0.4875 0.65 0.9995 0.54375 0.64167 0.9984 0.46875 0.8 0.9886 0.55 0.82917 0.9543 0.49688 0.94167 0.9606 0.55937 0.97917 0.9271
52 1 320 240 0.36875 0.36667 0.25312 0.625 0.41875 0.48333 1.0 0.51562 0.47083 0.9981 0.39687 0.57917 0.9932 0.53438 0.54167 0.0884 0.38438 0.6625 0.9582 0.51562 0.58333 0.0092 0.48125 0.64583 0.9994 0.5375 0.6375 0.9987 0.46563 0.80417 0.9843 0.54375 0.825 0.9758 0.49688 0.95 0.9254 0.55625 0.97917 0.9119
53 1 320 240 0.35938 0.39167 0.22812 0.6 0.41875 0.49583 1.0 0.5 0.4875 0.9996 0.39375 0.57917 0.9273 0.525 0.55833 0.0194 0.37812 0.6625 0.7551 0.5125 0.65833 0.0037 0.47813 0.6375 1.0 0.53125 0.62917 0.9999 0.45625 0.79167 0.9841 0.54063 0.81667 0.9646 0.49375 0.95 0.9225 0.55312 0.97083 0.9258
54 1 320 240 0.35938 0.42083 0.225 0.57083 0.41875 0.50417 1.0 0.49375 0.49583 0.9992 0.39062 0.5875 0.5347 0.51562 0.55833 0.0041 0.37812 0.6625 0.2058 0.49688 0.65417 0.0014 0.475 0.62917 0.9999 0.525 0.625 0.9999 0.44688 0.79167 0.9161 0.53438 0.8125 0.8062 0.49375 0.94583 0.7142 0.54688 0.97083 0.7212
55 1 320 240 0.35938 0.44167 0.22187 0.55417 0.41563 0.51667 1.0 0.48438 0.51667 0.9995 0.3875 0.5875 0.3249 0.50313 0.59167 0.0033 0.37812 0.6625 0.1042 0.47813 0.66667 0.0024 0.46875 0.62917 0.9999 0.51875 0.62917 0.9999 0.44375 0.79167 0.913 0.52812 0.80833 0.7365 0.49375 0.94583 0.7619 0.54375 0.96667 0.7573
56 1 320 240 0.35625 0.45 0.22187 0.5375 0.41563 0.52917 1.0 0.48438 0.525 0.9998 0.38125 0.60417 0.2591 0.5 0.60417 0.0065 0.375 0.67917 0.0928 0.47187 0.69583 0.0088 0.45937 0.62917 0.9999 0.50938 0.625 1.0 0.44062 0.79167 0.8988 0.525 0.80833 0.7902 0.49062 0.9375 0.706 0.54063 0.9625 0.7771
57 1 320 240 0.3375 0.45417 0.2375 0.53333 0.41563 0.51667 1.0 0.47813 0.53333 0.9997 0.38438 0.59167 0.7357 0.5 0.61667 0.0052 0.3625 0.67917 0.5895 0.475 0.70417 0.0089 0.45625 0.62917 1.0 0.50313 0.62917 1.0 0.43438 0.79167 0.9405 0.52187 0.8 0.875 0.49062 0.9375 0.8332 0.54375 0.9625 0.881
58 1 320 240 0.33437 0.5125 0.24063 0.47917 0.39375 0.55 1.0 0.47813 0.55833 0.9999 0.37812 0.60833 0.7213 0.5 0.63333 0.0086 0.35938 0.69167 0.6077 0.50625 0.7125 0.0052 0.44688 0.64583 1.0 0.49062 0.6375 1.0 0.4375 0.80833 0.9088 0.51875 0.79583 0.7969 0.49375 0.95 0.8091 0.54063 0.95833 0.7861
59 1 320 240 0.33125 0.51667 0.24375 0.47917 0.39687 0.575 1.0 0.47187 0.56667 0.9999 0.375 0.62083 0.2118 0.49688 0.63333 0.0024 0.35625 0.70417 0.0961 0.49062 0.70833 0.0023 0.43438 0.64583 1.0 0.48125 0.63333 1.0 0.44375 0.80833 0.7388 0.5125 0.7875 0.6518 0.48438 0.95417 0.6503 0.54375 0.94583 0.6344
60 1 320 240 0.33437 0.5625 0.24063 0.43333 0.3875 0.60417 1.0 0.45937 0.5875 1.0 0.3625 0.65 0.2842 0.4875 0.64583 0.0089 0.35313 0.70833 0.0699 0.48438 0.70833 0.0045 0.42812 0.65833 1.0 0.47187 0.64167 1.0 0.44375 0.80833 0.9028 0.50313 0.77917 0.7672 0.475 0.94583 0.8293 0.54688 0.925 0.7455
61 1 320 240 0.325 0.55833 0.24375 0.4375 0.38125 0.6125 1.0 0.44688 0.59583 0.9999 0.35938 0.6625 0.241 0.475 0.6625 0.0048 0.35313 0.71667 0.0735 0.46875 0.71667 0.0091 0.425 0.67083 1.0 0.46563 0.65417 1.0 0.44688 0.80833 0.9477 0.49375 0.77917 0.9154 0.47187 0.9375 0.9008 0.54063 0.90833 0.8951
62 1 320 240 0.33125 0.5625 0.23438 0.42917 0.375 0.625 1.0 0.44062 0.6125 1.0 0.35625 0.70833 0.9721 0.4875 0.70417 0.5017 0.35938 0.725 0.9115 0.5125 0.78333 0.7068 0.42188 0.68333 1.0 0.45937 0.67083 1.0 0.4375 0.8 1.0 0.4875 0.78333 1.0 0.46563 0.90833 0.9968 0.53125 0.9 0.9991
63 1 320 240 0.34063 0.56667 0.22187 0.41667 0.37188 0.63333 1.0 0.44062 0.62083 1.0 0.35313 0.71667 0.9786 0.45625 0.6875 0.3678 0.38438 0.725 0.8356 0.45 0.73333 0.0881 0.41563 0.70417 1.0 0.45625 0.6875 1.0 0.43438 0.80833 1.0 0.48438 0.79167 1.0 0.46875 0.90417 0.9982 0.52812 0.89583 0.9982
64 1 320 240 0.32812 0.575 0.23125 0.41667 0.36562 0.64167 1.0 0.4375 0.62917 1.0 0.35313 0.71667 0.9978 0.45312 0.69583 0.4855 0.3625 0.72083 0.9959 0.45 0.74167 0.7659 0.4125 0.71667 1.0 0.45 0.69583 1.0 0.43125 0.8125 1.0 0.48125 0.79167 1.0 0.46875 0.89167 0.9996 0.525 0.89167 0.9996
65 1 320 240 0.325 0.57917 0.23438 0.40833 0.3625 0.65 1.0 0.4375 0.6375 1.0 0.34375 0.71667 1.0 0.45937 0.70833 0.9991 0.38438 0.8125 0.9999 0.46875 0.76667 0.9969 0.40625 0.725 1.0 0.44688 0.7125 1.0 0.425 0.80417 1.0 0.47187 0.79583 1.0 0.46875 0.89167 0.9999 0.52812 0.875 0.9999
66 1 320 240 0.325 0.59167 0.2375 0.39583 0.35938 0.65833 1.0 0.4375 0.64583 1.0 0.34687 0.73333 1.0 0.4625 0.7 1.0 0.3875 0.82917 1.0 0.46563 0.77083 0.9999 0.40937 0.72917 1.0 0.44375 0.72083 1.0 0.42188 0.80833 1.0 0.47187 0.8125 1.0 0.46875 0.89583 1.0 0.53125 0.86667 1.0
67 1 320 240 0.325 0.6 0.24063 0.3875 0.35313 0.675 1.0 0.4375 0.64167 1.0 0.35313 0.75833 1.0 0.46875 0.70833 1.0 0.38438 0.8375 1.0 0.4625 0.77083 0.9999 0.40625 0.72917 1.0 0.44375 0.7125 1.0 0.425 0.8 1.0 0.48125 0.79583 1.0 0.46875 0.89167 1.0 0.5375 0.8625 1.0
68 1 320 240 0.325 0.6 0.25 0.3875 0.35625 0.67083 1.0 0.43125 0.64167 1.0 0.35625 0.75833 1.0 0.45312 0.70833 1.0 0.3875 0.84167 1.0 0.46563 0.77083 1.0 0.40313 0.72083 1.0 0.4375 0.70417 1.0 0.4375 0.79583 1.0 0.475 0.78333 1.0 0.475 0.89167 1.0 0.54063 0.85833 1.0
69 1 320 240 0.325 0.6 0.25312 0.38333 0.35625 0.6625 1.0 0.43125 0.63333 1.0 0.35625 0.75833 1.0 0.45937 0.69167 1.0 0.3875 0.8375 1.0 0.4625 0.75 1.0 0.40313 0.71667 1.0 0.4375 0.7 1.0 0.4375 0.7875 1.0 0.475 0.7875 1.0 0.475 0.8875 1.0 0.5375 0.85417 1.0
70 1 320 240 0.325 0.6 0.25312 0.3875 0.35938 0.65833 1.0 0.4375 0.63333 1.0 0.35625 0.74167 1.0 0.46563 0.69167 1.0 0.38438 0.83333 1.0 0.4625 0.75417 1.0 0.40313 0.71667 1.0 0.44062 0.7 1.0 0.43438 0.79167 1.0 0.475 0.79167 1.0 0.47187 0.8875 1.0 0.53438 0.8625 1.0
71 1 320 240 0.325 0.6 0.25 0.3875 0.35938 0.65417 1.0 0.4375 0.62917 1.0 0.34375 0.72917 1.0 0.46563 0.68333 1.0 0.38125 0.82917 1.0 0.45625 0.73333 0.9999 0.40313 0.7125 1.0 0.44062 0.69583 1.0 0.42812 0.79583 1.0 0.47813 0.79167 1.0 0.46875 0.8875 1.0 0.5375 0.87917 1.0
72 1 320 240 0.325 0.6 0.25 0.3875 0.35938 0.65417 1.0 0.4375 0.63333 1.0 0.34063 0.72083 1.0 0.46563 0.7 1.0 0.38438 0.82917 1.0 0.45625 0.7375 0.9999 0.40313 0.725 1.0 0.44688 0.7125 1.0 0.425 0.80417 1.0 0.48125 0.80417 1.0 0.46563 0.89167 1.0 0.525 0.87083 1.0
73 1 320 240 0.325 0.6 0.24688 0.39167 0.35625 0.6625 1.0 0.44062 0.63333 1.0 0.34687 0.7375 1.0 0.47187 0.69583 1.0 0.38438 0.8375 1.0 0.45312 0.73333 1.0 0.4 0.72917 1.0 0.44688 0.71667 1.0 0.42188 0.80833 1.0 0.47813 0.8 1.0 0.46563 0.89167 1.0 0.525 0.87917 1.0
74 0 320 240 0.325 0.60417 0.24688 0.3875 0.35313 0.66667 1.0 0.44062 0.6375 1.0 0.35938 0.76667 1.0 0.47813 0.70417 1.0 0.38438 0.84167 1.0 0.49375 0.77917 1.0 0.40313 0.7375 1.0 0.44688 0.72083 1.0 0.43438 0.8125 1.0 0.47813 0.80417 1.0 0.46563 0.9 1.0 0.52187 0.8875 1.0
75 0 320 240 0.325 0.60417 0.24688 0.3875 0.35625 0.6625 1.0 0.44062 0.64167 1.0 0.35625 0.75833 1.0 0.475 0.7 1.0 0.38438 0.8375 1.0 0.47187 0.76667 1.0 0.4 0.73333 1.0 0.44375 0.7125 1.0 0.43125 0.80417 1.0 0.475 0.80417 1.0 0.46563 0.90833 1.0 0.51562 0.8875 1.0
76 0 320 240 0.325 0.60417 0.24688 0.3875 0.35625 0.6625 1.0 0.44062 0.6375 1.0 0.35938 0.75833 1.0 0.47187 0.7 1.0 0.3875 0.8375 1.0 0.48438 0.775 1.0 0.39375 0.72083 1.0 0.44375 0.70833 1.0 0.42188 0.8125 1.0 0.46875 0.79583 1.0 0.4625 0.89583 1.0 0.5125 0.89167 1.0
77 0 320 240 0.325 0.60417 0.24375 0.3875 0.35625 0.6625 1.0 0.44062 0.6375 1.0 0.35625 0.75417 1.0 0.47187 0.7 1.0 0.3875 0.8375 1.0 0.46875 0.76667 1.0 0.39375 0.71667 1.0 0.4375 0.70417 1.0 0.41875 0.80417 1.0 0.46875 0.79583 1.0 0.46563 0.9 1.0 0.50938 0.8875 1.0
78 0 320 240 0.325 0.60417 0.24375 0.3875 0.35625 0.6625 1.0 0.44062 0.6375 1.0 0.3625 0.75833 1.0 0.475 0.7 1.0 0.3875 0.8375 1.0 0.49062 0.78333 1.0 0.39375 0.71667 1.0 0.4375 0.70417 1.0 0.41875 0.80417 1.0 0.47187 0.8 1.0 0.4625 0.9 1.0 0.50938 0.89167 1.0
79 0 320 240 0.325 0.60417 0.24375 0.3875 0.35625 0.6625 1.0 0.44062 0.6375 1.0 0.35313 0.74583 1.0 0.475 0.6875 0.9999 0.3875 0.83333 1.0 0.45312 0.72917 0.9991 0.39687 0.725 1.0 0.4375 0.70417 1.0 0.42188 0.8125 1.0 0.47187 0.79583 1.0 0.4625 0.89583 1.0 0.50938 0.8875 1.0
80 0 320 240 0.325 0.60417 0.24375 0.3875 0.35625 0.6625 1.0 0.4375 0.63333 1.0 0.34687 0.7375 1.0 0.475 0.6875 1.0 0.38438 0.83333 1.0 0.45312 0.72917 0.9995 0.39687 0.72083 1.0 0.4375 0.70417 1.0 0.41875 0.80833 1.0 0.46875 0.79583 1.0 0.4625 0.89583 1.0 0.50938 0.89167 1.0
81 0 320 240 0.325 0.60417 0.24375 0.3875 0.35938 0.65833 1.0 0.44062 0.6375 1.0 0.34063 0.71667 1.0 0.475 0.69167 0.9999 0.38438 0.82917 1.0 0.45 0.72917 0.9978 0.39375 0.71667 1.0 0.44062 0.70833 1.0 0.41875 0.80833 1.0 0.47187 0.79583 1.0 0.4625 0.89167 1.0 0.50938 0.8875 1.0
82 0 320 240 0.325 0.60833 0.24688 0.38333 0.35625 0.6625 1.0 0.44062 0.6375 1.0 0.35313 0.74167 1.0 0.47187 0.69583 1.0 0.38438 0.8375 1.0 0.47187 0.76667 1.0 0.4 0.72917 1.0 0.44062 0.70833 1.0 0.41563 0.8 1.0 0.46875 0.79583 1.0 0.4625 0.89167 1.0 0.5125 0.89167 1.0
83 0 320 240 0.325 0.60833 0.24688 0.38333 0.35625 0.65833 1.0 0.4375 0.6375 1.0 0.35938 0.75833 1.0 0.475 0.69583 1.0 0.38438 0.84167 1.0 0.48125 0.77083 1.0 0.39375 0.72083 1.0 0.44062 0.70417 1.0 0.41875 0.80417 1.0 0.46875 0.79167 1.0 0.4625 0.89583 1.0 0.5125 0.88333 1.0
84 0 320 240 0.325 0.60833 0.24688 0.38333 0.35625 0.65833 1.0 0.4375 0.6375 1.0 0.35 0.7375 1.0 0.47187 0.7 1.0 0.38438 0.8375 1.0 0.46875 0.76667 1.0 0.4 0.72917 1.0 0.44062 0.70833 1.0 0.41563 0.8 1.0 0.475 0.79583 1.0 0.4625 0.89583 1.0 0.5125 0.88333 1.0
85 0 320 240 0.325 0.60417 0.24688 0.3875 0.35938 0.65417 1.0 0.4375 0.6375 1.0 0.34687 0.73333 1.0 0.47187 0.7 1.0 0.38438 0.8375 1.0 0.47187 0.7625 1.0 0.4 0.725 1.0 0.4375 0.7 1.0 0.425 0.79167 1.0 0.47187 0.79167 1.0 0.4625 0.89583 1.0 0.51562 0.88333 1.0
86 0 320 240 0.325 0.60417 0.24688 0.3875 0.35938 0.65833 1.0 0.4375 0.6375 1.0 0.35938 0.75833 1.0 0.47187 0.70833 1.0 0.38438 0.8375 1.0 0.48438 0.78333 1.0 0.40313 0.72917 1.0 0.4375 0.70833 1.0 0.43125 0.79583 1.0 0.4625 0.8125 1.0 0.46563 0.89583 1.0 0.51562 0.8875 1.0
87 0 320 240 0.325 0.60417 0.24688 0.3875 0.35938 0.65833 1.0 0.44062 0.6375 1.0 0.34687 0.73333 1.0 0.47187 0.7 1.0 0.38438 0.8375 1.0 0.47187 0.76667 1.0 0.40313 0.72917 1.0 0.44062 0.70417 1.0 0.42812 0.79583 1.0 0.46875 0.79167 1.0 0.46563 0.89583 1.0 0.51562 0.88333 1.0
88 0 320 240 0.325 0.60417 0.24688 0.3875 0.35938 0.65833 1.0 0.4375 0.6375 1.0 0.3625 0.75833 1.0 0.475 0.7 1.0 0.38438 0.8375 1.0 0.4875 0.775 1.0 0.40313 0.72917 1.0 0.44062 0.70833 1.0 0.41875 0.80417 1.0 0.46875 0.79167 1.0 0.46563 0.9 1.0 0.5125 0.8875 1.0
89 0 320 240 0.325 0.60417 0.24688 0.3875 0.35938 0.65417 1.0 0.4375 0.6375 1.0 0.35 0.73333 1.0 0.475 0.69583 1.0 0.38438 0.8375 1.0 0.46563 0.75833 1.0 0.40313 0.725 1.0 0.4375 0.70417 1.0 0.41875 0.80417 1.0 0.46875 0.79167 1.0 0.46563 0.89583 1.0 0.50938 0.8875 1.0
90 0 320 240 0.325 0.60417 0.24688 0.3875 0.35938 0.65833 1.0 0.4375 0.6375 1.0 0.35 0.73333 1.0 0.475 0.7 1.0 0.3875 0.8375 1.0 0.4875 0.775 1.0 0.39687 0.71667 1.0 0.44062 0.70417 1.0 0.41875 0.80417 1.0 0.47187 0.79167 1.0 0.46563 0.89583 1.0 0.50938 0.8875 1.0
91 0 320 240 0.325 0.60833 0.24688 0.38333 0.35938 0.65417 1.0 0.44062 0.6375 1.0 0.34063 0.71667 1.0 0.475 0.69583 0.9999 0.3875 0.83333 1.0 0.4625 0.74583 0.9986 0.4 0.72083 1.0 0.44062 0.70417 1.0 0.41875 0.80417 1.0 0.47187 0.79167 1.0 0.46563 0.89583 1.0 0.50938 0.88333 1.0
92 0 320 240 0.325 0.60833 0.24688 0.38333 0.35938 0.65833 1.0 0.4375 0.6375 1.0 0.34063 0.71667 1.0 0.475 0.69583 1.0 0.38438 0.83333 1.0 0.45937 0.74583 0.9996 0.4 0.72083 1.0 0.44062 0.70417 1.0 0.41875 0.80833 1.0 0.46875 0.79167 1.0 0.46563 0.89583 1.0 0.5125 0.88333 1.0
93 0 320 240 0.325 0.60833 0.24688 0.38333 0.35938 0.65833 1.0 0.4375 0.6375 1.0 0.35 0.73333 1.0 0.475 0.69583 1.0 0.3875 0.83333 1.0 0.47187 0.7625 1.0 0.4 0.725 1.0 0.44062 0.7 1.0 0.41875 0.80417 1.0 0.4625 0.80417 1.0 0.46563 0.89583 1.0 0.5125 0.88333 1.0
94 0 320 240 0.325 0.60833 0.24688 0.38333 0.35938 0.65833 1.0 0.44062 0.6375 1.0 0.34687 0.73333 1.0 0.47187 0.69167 1.0 0.38438 0.83333 1.0 0.4625 0.75 1.0 0.4 0.725 1.0 0.4375 0.7 1.0 0.42188 0.80417 1.0 0.4625 0.80833 1.0 0.46563 0.89583 1.0 0.5125 0.88333 1.0
95 0 320 240 0.325 0.60417 0.24688 0.3875 0.35938 0.65833 1.0 0.44062 0.6375 1.0 0.34375 0.72917 1.0 0.475 0.69167 1.0 0.38438 0.83333 1.0 0.45625 0.73333 1.0 0.4 0.725 1.0 0.44062 0.70417 1.0 0.42188 0.80417 1.0 0.4625 0.80833 1.0 0.46563 0.89583 1.0 0.5125 0.88333 1.0
96 0 320 240 0.325 0.60417 0.24688 0.3875 0.3625 0.65833 1.0 0.44062 0.6375 1.0 0.34375 0.72917 1.0 0.475 0.69167 1.0 0.38438 0.83333 1.0 0.4625 0.74167 1.0 0.4 0.72917 1.0 0.44062 0.70417 1.0 0.42188 0.80417 1.0 0.47187 0.79167 1.0 0.46563 0.89583 1.0 0.5125 0.88333 1.0
97 0 320 240 0.325 0.60417 0.24688 0.3875 0.35938 0.65833 1.0 0.44062 0.6375 1.0 0.3625 0.75417 1.0 0.475 0.7 1.0 0.38438 0.8375 1.0 0.47813 0.76667 1.0 0.4 0.725 1.0 0.44062 0.70417 1.0 0.41875 0.8 1.0 0.4625 0.80417 1.0 0.46563 0.89583 1.0 0.5125 0.8875 1.0
98 0 320 240 0.325 0.60833 0.24688 0.38333 0.35938 0.6625 1.0 0.44062 0.6375 1.0 0.35 0.7375 1.0 0.475 0.69583 1.0 0.3875 0.8375 1.0 0.4625 0.75417 1.0 0.4 0.72917 1.0 0.44062 0.70833 1.0 0.42188 0.80417 1.0 0.4625 0.8125 1.0 0.46563 0.89583 1.0 0.5125 0.88333 1.0
99 0 320 240 0.325 0.60833 0.24688 0.38333 0.35625 0.6625 1.0 0.44062 0.6375 1.0 0.34687 0.7375 1.0 0.475 0.69583 1.0 0.38438 0.83333 1.0 0.4625 0.75 1.0 0.4 0.73333 1.0 0.44062 0.70833 1.0 0.43125 0.8 1.0 0.4625 0.8125 1.0 0.46563 0.89583 1.0 0.5125 0.8875 1.0
100 0 320 240 0.325 0.60833 0.24688 0.38333 0.35938 0.6625 1.0 0.44062 0.6375 1.0 0.34687 0.7375 1.0 0.475 0.69167 1.0 0.38438 0.83333 1.0 0.45625 0.74167 0.9999 0.39687 0.72917 1.0 0.44062 0.70833 1.0 0.42188 0.80417 1.0 0.4625 0.80417 1.0 0.46563 0.89583 1.0 0.5125 0.88333 1.0
101 0 320 240 0.325 0.60833 0.24688 0.38333 0.35938 0.6625 1.0 0.44062 0.6375 1.0 0.34687 0.7375 1.0 0.475 0.69167 1.0 0.38438 0.83333 1.0 0.45312 0.73333 1.0 0.39687 0.725 1.0 0.44062 0.70833 1.0 0.42188 0.80417 1.0 0.46875 0.79167 1.0 0.46563 0.89583 1.0 0.5125 0.88333 1.0
102 0 320 240 0.325 0.60833 0.24688 0.38333 0.35938 0.6625 1.0 0.44062 0.6375 1.0 0.34375 0.73333 1.0 0.475 0.69167 1.0 0.38125 0.82917 1.0 0.45312 0.72917 0.9999 0.39687 0.72917 1.0 0.44062 0.7125 1.0 0.42188 0.80833 1.0 0.45937 0.80833 1.0 0.46563 0.9 1.0 0.5125 0.88333 1.0
103 0 320 240 0.325 0.60833 0.24688 0.38333 0.35938 0.65833 1.0 0.44062 0.6375 1.0 0.34063 0.72083 1.0 0.47187 0.69167 1.0 0.38125 0.83333 1.0 0.45312 0.72917 0.9997 0.4 0.72917 1.0 0.44062 0.7125 1.0 0.425 0.8125 1.0 0.4625 0.80833 1.0 0.46563 0.89583 1.0 0.5125 0.88333 1.0
104 0 320 240 0.325 0.60833 0.24688 0.38333 0.35938 0.65833 1.0 0.44062 0.6375 1.0 0.34375 0.73333 1.0 0.47187 0.69583 1.0 0.38438 0.83333 1.0 0.45937 0.75 0.9999 0.4 0.72917 1.0 0.44062 0.7125 1.0 0.425 0.80833 1.0 0.47187 0.8 1.0 0.46563 0.89583 1.0 0.5125 0.88333 1.0
105 0 320 240 0.325 0.60833 0.24688 0.38333 0.35938 0.65833 1.0 0.44062 0.6375 1.0 0.34375 0.72917 1.0 0.47187 0.69167 1.0 0.38125 0.83333 1.0 0.45937 0.75 0.9999 0.40313 0.72917 1.0 0.44062 0.7125 1.0 0.42188 0.80833 1.0 0.4625 0.80833 1.0 0.46563 0.89583 1.0 0.5125 0.8875 1.0
106 0 320 240 0.325 0.60833 0.24688 0.38333 0.35938 0.6625 1.0 0.44062 0.6375 1.0 0.34375 0.73333 1.0 0.47187 0.69167 1.0 0.38125 0.8375 1.0 0.45937 0.75 1.0 0.4 0.73333 1.0 0.44062 0.7125 1.0 0.43125 0.80833 1.0 0.4625 0.81667 1.0 0.46563 0.89583 1.0 0.5125 0.8875 1.0
107 0 320 240 0.325 0.60833 0.24688 0.38333 0.35938 0.65833 1.0 0.44062 0.6375 1.0 0.34375 0.73333 1.0 0.475 0.69167 1.0 0.38125 0.83333 1.0 0.45312 0.73333 1.0 0.39687 0.72917 1.0 0.44062 0.70833 1.0 0.42812 0.80417 1.0 0.4625 0.8125 1.0 0.46563 0.89583 1.0 0.5125 0.8875 1.0
108 0 320 240 0.325 0.60833 0.24688 0.38333 0.35938 0.65833 1.0 0.4375 0.6375 1.0 0.34687 0.7375 1.0 0.475 0.69167 1.0 0.38125 0.83333 1.0 0.45312 0.73333 0.9998 0.4 0.72917 1.0 0.44062 0.70833 1.0 0.43125 0.80833 1.0 0.45937 0.80833 1.0 0.46563 0.89583 1.0 0.5125 0.8875 1.0
109 0 320 240 0.325 0.60833 0.24688 0.38333 0.35938 0.65833 1.0 0.44062 0.6375 1.0 0.34375 0.73333 1.0 0.475 0.69167 1.0 0.38125 0.83333 1.0 0.45312 0.73333 0.9999 0.4 0.73333 1.0 0.44062 0.70833 1.0 0.42812 0.80417 1.0 0.45937 0.80417 1.0 0.46563 0.89583 1.0 0.5125 0.8875 1.0
110 0 320 240 0.325 0.60833 0.24688 0.38333 0.35938 0.6625 1.0 0.44062 0.6375 1.0 0.34687 0.73333 1.0 0.475 0.69167 1.0 0.38125 0.83333 1.0 0.45312 0.73333 0.9997 0.4 0.73333 1.0 0.44062 0.7125 1.0 0.43125 0.8125 1.0 0.45937 0.80833 1.0 0.46563 0.89583 1.0 0.5125 0.88333 1.0
111 0 320 240 0.325 0.60833 0.24688 0.38333 0.35625 0.65833 1.0 0.44062 0.6375 1.0 0.34375 0.73333 1.0 0.475 0.69167 1.0 0.38125 0.83333 1.0 0.45312 0.73333 1.0 0.4 0.72917 1.0 0.44062 0.70833 1.0 0.43125 0.80833 1.0 0.45937 0.8125 1.0 0.46563 0.89583 1.0 0.5125 0.8875 1.0
112 0 320 240 0.325 0.60833 0.24688 0.38333 0.35625 0.6625 1.0 0.44062 0.6375 1.0 0.34687 0.7375 1.0 0.475 0.69167 1.0 0.38125 0.83333 1.0 0.45312 0.72917 1.0 0.4 0.72917 1.0 0.4375 0.7125 1.0 0.42812 0.80417 1.0 0.45937 0.81667 1.0 0.46563 0.89583 1.0 0.5125 0.8875 1.0
113 0 320 240 0.325 0.60833 0.24688 0.38333 0.35938 0.65833 1.0 0.44062 0.6375 1.0 0.34375 0.73333 1.0 0.475 0.69167 1.0 0.38125 0.83333 1.0 0.45937 0.75 1.0 0.4 0.73333 1.0 0.44062 0.7125 1.0 0.43125 0.80417 1.0 0.45937 0.8125 1.0 0.46563 0.89583 1.0 0.5125 0.8875 1.0
114 0 320 240 0.325 0.60833 0.24688 0.38333 0.35625 0.6625 1.0 0.44062 0.6375 1.0 0.34375 0.73333 1.0 0.475 0.69583 1.0 0.38125 0.8375 1.0 0.45937 0.75833 1.0 0.4 0.73333 1.0 0.44062 0.7125 1.0 0.43125 0.8 1.0 0.45937 0.8125 1.0 0.46563 0.89583 1.0 0.5125 0.8875 1.0
115 0 320 240 0.325 0.60833 0.24688 0.38333 0.35625 0.6625 1.0 0.44062 0.6375 1.0 0.34375 0.73333 1.0 0.475 0.69583 1.0 0.38125 0.8375 1.0 0.45625 0.75 1.0 0.4 0.73333 1.0 0.44062 0.7125 1.0 0.43125 0.80417 1.0 0.45625 0.8125 1.0 0.46563 0.89583 1.0 0.5125 0.8875 1.0
116 0 320 240 0.325 0.60833 0.24688 0.38333 0.35625 0.65833 1.0 0.44062 0.6375 1.0 0.34375 0.73333 1.0 0.47187 0.69167 1.0 0.38125 0.8375 1.0 0.45312 0.7375 1.0 0.4 0.72917 1.0 0.4375 0.70833 1.0 0.42812 0.80417 1.0 0.45625 0.81667 1.0 0.46563 0.89583 1.0 0.5125 0.8875 1.0
117 0 320 240 0.325 0.60833 0.24688 0.38333 0.35625 0.65833 1.0 0.44062 0.6375 1.0 0.34375 0.73333 1.0 0.47187 0.69167 1.0 0.38125 0.83333 1.0 0.45312 0.73333 0.9998 0.39687 0.72917 1.0 0.44062 0.70833 1.0 0.425 0.80417 1.0 0.45625 0.80833 1.0 0.46563 0.89583 1.0 0.5125 0.88333 1.0
118 0 320 240 0.325 0.60833 0.24688 0.38333 0.35625 0.6625 1.0 0.4375 0.6375 1.0 0.35625 0.7625 1.0 0.46875 0.7 1.0 0.38438 0.84167 1.0 0.46875 0.76667 1.0 0.4 0.72917 1.0 0.4375 0.70417 1.0 0.43125 0.79583 1.0 0.45937 0.80833 1.0 0.46563 0.89583 1.0 0.5125 0.8875 1.0
119 0 320 240 0.325 0.60833 0.24688 0.38333 0.35625 0.6625 1.0 0.4375 0.6375 1.0 0.35938 0.7625 1.0 0.46875 0.7 1.0 0.38438 0.84167 1.0 0.475 0.77083 1.0 0.4 0.73333 1.0 0.4375 0.70833 1.0 0.43125 0.8 1.0 0.45937 0.8125 1.0 0.46563 0.89583 1.0 0.5125 0.8875 1.0
120 0 320 240 0.325 0.60833 0.24688 0.38333 0.35625 0.6625 1.0 0.4375 0.6375 1.0 0.35625 0.7625 1.0 0.46875 0.7 1.0 0.38438 0.84167 1.0 0.47187 0.76667 1.0 0.39687 0.72917 1.0 0.4375 0.70417 1.0 0.43125 0.8 1.0 0.47187 0.79583 1.0 0.46563 0.89583 1.0 0.5125 0.89167 1.0
121 0 320 240 0.325 0.60833 0.24688 0.38333 0.35938 0.65833 1.0 0.44062 0.6375 1.0 0.35938 0.75833 1.0 0.475 0.69583 1.0 0.38125 0.8375 1.0 0.47187 0.7625 1.0 0.4 0.72917 1.0 0.4375 0.70417 1.0 0.42812 0.79167 1.0 0.47187 0.79167 1.0 0.46563 0.89583 1.0 0.5125 0.8875 1.0
122 0 320 240 0.325 0.60833 0.24688 0.38333 0.35938 0.65833 1.0 0.44062 0.6375 1.0 0.35625 0.75833 1.0 0.475 0.7 1.0 0.38125 0.8375 1.0 0.46563 0.75833 1.0 0.4 0.72917 1.0 0.4375 0.70417 1.0 0.42812 0.79583 1.0 0.47187 0.79583 1.0 0.46563 0.89583 1.0 0.5125 0.89167 1.0
123 0 320 240 0.325 0.60833 0.24688 0.38333 0.35938 0.65833 1.0 0.44062 0.6375 1.0 0.35625 0.75833 1.0 0.475 0.69583 1.0 0.38125 0.8375 1.0 0.475 0.7625 1.0 0.4 0.72917 1.0 0.4375 0.70417 1.0 0.42812 0.79583 1.0 0.47187 0.79583 1.0 0.46563 0.89583 1.0 0.5125 0.8875 1.0
124 0 320 240 0.325 0.60833 0.24688 0.38333 0.35938 0.65833 1.0 0.44062 0.6375 1.0 0.34375 0.72917 1.0 0.475 0.7 1.0 0.38125 0.8375 1.0 0.46875 0.7625 1.0 0.4 0.73333 1.0 0.44062 0.70833 1.0 0.42812 0.8 1.0 0.47187 0.79583 1.0 0.46563 0.89583 1.0 0.5125 0.8875 1.0
125 0 320 240 0.325 0.60833 0.24688 0.38333 0.35938 0.65833 1.0 0.44062 0.6375 1.0 0.34375 0.73333 1.0 0.475 0.69583 1.0 0.38125 0.8375 1.0 0.4625 0.75417 1.0 0.39687 0.73333 1.0 0.44062 0.70417 1.0 0.425 0.79583 1.0 0.47187 0.79583 1.0 0.46563 0.89583 1.0 0.5125 0.8875 1.0
126 0 320 240 0.325 0.60833 0.24688 0.38333 0.35938 0.65833 1.0 0.44062 0.6375 1.0 0.35625 0.75833 1.0 0.475 0.69583 1.0 0.38125 0.8375 1.0 0.4625 0.75417 1.0 0.4 0.73333 1.0 0.44062 0.70417 1.0 0.42812 0.7875 1.0 0.4625 0.80833 1.0 0.46563 0.89583 1.0 0.5125 0.8875 1.0
127 0 320 240 0.325 0.60833 0.24688 0.38333 0.35938 0.65833 1.0 0.44062 0.6375 1.0 0.34375 0.73333 1.0 0.475 0.69167 1.0 0.38125 0.8375 1.0 0.45937 0.74583 1.0 0.4 0.72917 1.0 0.44062 0.70417 1.0 0.42812 0.79583 1.0 0.4625 0.80833 1.0 0.46563 0.89583 1.0 0.5125 0.8875 1.0
128 0 320 240 0.325 0.60833 0.24688 0.38333 0.35938 0.65833 1.0 0.44062 0.6375 1.0 0.34375 0.73333 1.0 0.475 0.69167 1.0 0.38125 0.8375 1.0 0.45937 0.74583 1.0 0.39687 0.73333 1.0 0.44062 0.70833 1.0 0.42812 0.8 1.0 0.4625 0.80417 1.0 0.46563 0.89583 1.0 0.5125 0.8875 1.0
129 0 320 240 0.325 0.60833 0.24688 0.38333 0.35938 0.65833 1.0 0.44062 0.6375 1.0 0.35313 0.75833 1.0 0.47187 0.69583 1.0 0.38125 0.8375 1.0 0.4625 0.75417 1.0 0.39687 0.73333 1.0 0.44062 0.70417 1.0 0.42812 0.79167 1.0 0.47187 0.79583 1.0 0.46563 0.89583 1.0 0.5125 0.8875 1.0
130 0 320 240 0.325 0.60833 0.24688 0.38333 0.35938 0.65833 1.0 0.44062 0.6375 1.0 0.34375 0.73333 1.0 0.475 0.7 1.0 0.38125 0.8375 1.0 0.475 0.75833 1.0 0.4 0.725 1.0 0.4375 0.70417 1.0 0.42812 0.79583 1.0 0.4625 0.80833 1.0 0.46563 0.89583 1.0 0.5125 0.8875 1.0
131 0 320 240 0.325 0.60833 0.24688 0.38333 0.35938 0.65833 1.0 0.44062 0.6375 1.0 0.34375 0.72917 1.0 0.475 0.69167 1.0 0.38125 0.83333 1.0 0.45625 0.7375 1.0 0.39687 0.72917 1.0 0.44062 0.70417 1.0 0.425 0.8 1.0 0.4625 0.80833 1.0 0.46563 0.89583 1.0 0.5125 0.8875 1.0
132 0 320 240 0.325 0.60833 0.24688 0.38333 0.35938 0.65833 1.0 0.44062 0.6375 1.0 0.34375 0.72917 1.0 0.475 0.69167 1.0 0.38125 0.83333 1.0 0.45937 0.74583 1.0 0.39687 0.72917 1.0 0.4375 0.70417 1.0 0.42812 0.79583 1.0 0.4625 0.80417 1.0 0.46563 0.89583 1.0 0.50938 0.8875 1.0
133 0 320 240 0.325 0.60833 0.24688 0.38333 0.35938 0.65833 1.0 0.44062 0.6375 1.0 0.35938 0.75833 1.0 0.475 0.7 1.0 0.38125 0.83333 1.0 0.48125 0.77083 1.0 0.4 0.72917 1.0 0.4375 0.70833 1.0 0.42812 0.79167 1.0 0.45937 0.8125 1.0 0.46563 0.89583 1.0 0.5125 0.89167 1.0
134 0 320 240 0.325 0.60833 0.24688 0.38333 0.35938 0.65833 1.0 0.44062 0.6375 1.0 0.34687 0.73333 1.0 0.475 0.69167 1.0 0.38438 0.83333 1.0 0.45937 0.74583 1.0 0.39687 0.72917 1.0 0.44062 0.70417 1.0 0.42812 0.79583 1.0 0.4625 0.80833 1.0 0.46563 0.89583 1.0 0.5125 0.8875 1.0
135 0 320 240 0.325 0.60833 0.24688 0.38333 0.35938 0.65833 1.0 0.44062 0.64167 1.0 0.35625 0.75833 1.0 0.47187 0.69583 1.0 0.38125 0.8375 1.0 0.46563 0.7625 1.0 0.4 0.72917 1.0 0.4375 0.70417 1.0 0.42812 0.79167 1.0 0.4625 0.80833 1.0 0.46563 0.89583 1.0 0.5125 0.89167 1.0
136 0 320 240 0.325 0.60833 0.24688 0.38333 0.35938 0.65833 1.0 0.44062 0.64167 1.0 0.3625 0.7625 1.0 0.475 0.7 1.0 0.38438 0.8375 1.0 0.48438 0.775 1.0 0.40313 0.72917 1.0 0.4375 0.7125 1.0 0.42812 0.79167 1.0 0.45937 0.8125 1.0 0.46563 0.89583 1.0 0.5125 0.89167 1.0
137 0 320 240 0.325 0.60833 0.24688 0.38333 0.35938 0.65833 1.0 0.44062 0.64167 1.0 0.3625 0.7625 1.0 0.47813 0.70417 1.0 0.38438 0.8375 1.0 0.49375 0.79583 1.0 0.40313 0.73333 1.0 0.4375 0.7125 1.0 0.42812 0.79167 1.0 0.45937 0.8125 1.0 0.46563 0.89583 1.0 0.5125 0.89167 1.0
138 0 320 240 0.325 0.60833 0.24688 0.38333 0.35938 0.65833 1.0 0.44062 0.64167 1.0 0.35938 0.76667 1.0 0.475 0.70833 1.0 0.38438 0.8375 1.0 0.49375 0.7875 1.0 0.4 0.73333 1.0 0.44062 0.71667 1.0 0.43438 0.79583 1.0 0.4625 0.8125 1.0 0.46563 0.89167 1.0 0.5125 0.89167 1.0
139 0 320 240 0.325 0.60833 0.24688 0.38333 0.35938 0.65833 1.0 0.44062 0.6375 1.0 0.3625 0.76667 1.0 0.475 0.70833 1.0 0.38438 0.8375 1.0 0.4875 0.77917 1.0 0.40313 0.73333 1.0 0.4375 0.7125 1.0 0.43125 0.79167 1.0 0.45937 0.80833 1.0 0.46563 0.89167 1.0 0.5125 0.89167 1.0
